0.016663889550100563	1.5269471951619394e-22
0.033311132253988296	5.941917264466558e-19
0.049925160353498844	7.318181618592222e-17
0.06648956343947102	2.1912364181462115e-15
0.08298816507356975	3.0218409479564926e-14
0.09940509698818067	2.551240254360219e-13
0.11572487012469339	1.5348367052106927e-12
0.13193244182569408	7.203800794836565e-12
0.14801327856244734	2.796646187755559e-11
0.16395341365351568	9.345989447690423e-11
0.17973949951134388	2.7662466136746495e-10
0.19535885403887965	7.405698215917801e-10
0.21079950088566593	1.8221596249493347e-09
0.22605020336022671	4.172001990641107e-09
0.24110049188112617	8.976686694234082e-09
0.2559406849311854	1.829570219617846e-08
0.2705619035566748	3.555206167230173e-08
0.2849560795248206	6.622183254945926e-08
0.29911595731799656	1.1877299591014616e-07
0.31303509020103	2.0590786734838644e-07
0.3267078306490225	3.461652271012421e-07
0.3401293154669646	5.659379376554203e-07
0.35329544596944085	9.019588677073648e-07
0.3662028636192151	1.404302203271431e-06
0.37884892154785577	2.1399386500372583e-06
0.39123165240027513	3.196871691824755e-06
0.40334973295855414	4.688868179048989e-06
0.41520244600916195	6.760780415886257e-06
0.4267896399220283	9.594439044629118e-06
0.43811168641024134	1.3415076932000507e-05
0.44916943693570033	1.8498224555113363e-05
0.45996417821908897	2.5176997717335677e-05
0.4704975873022015	3.384967946572595e-05
0.4807716865971336	4.4987480490920185e-05
0.4907887993402034	5.9142346691305876e-05
0.5005515058488366	7.695466954246374e-05
0.5100626009571024	9.916074491986848e-05
0.5193250529802551	0.00012659981947492468
0.5283419645306444	0.00016022056085455912
0.5371165354768878	0.000201086789163754
0.5456520283054578	0.00025038231216375763
0.5539517361090927	0.0003094147157255801
0.5620189533899957	0.00037961797385581663
0.5698569498280153	0.00046255375891132185
0.5774689471252796	0.0005599113520562103
0.5848580989995683	0.0006735060761405827
0.5920274743594894	0.000805276197476626
0.5989800436558151	0.0009572782688811743
0.6057186683656088	0.0011316809132336611
0.6122460935295894	0.001330757074032884
0.6185649432289995	0.0015568747863910104
0.6246777188565829	0.0018124865479581117
0.6305868000075533	0.002100117393835986
0.6362944477910644	0.002422351802072537
0.6418028103409932	0.0027818195763438247
0.6471139302871107	0.0031811808695185236
0.652229753934107	0.003623110525627779
0.6571521418865954	0.004110281928090142
0.661882880853159	0.004645350548716165
0.6664236963616642	0.00523093739498361
0.6707762661213198	0.005869612552368787
0.6749422337740801	0.006563879014265371
0.6789232227886883	0.007316156984425956
0.6827208502645903	0.008128768826200979
0.6863367404296935	0.009003924819464968
0.689772537635078	0.00994370987040183
0.6930299186707963	0.010950071301694354
0.6961106042493447	0.012024807831579646
0.6990163695267575	0.013169559830150047
0.701749053555083	0.014385800920654343
0.7043105675837928	0.01567483097282869
0.7067029021510077	0.017037770514873134
0.7089281329279323	0.018475556570969647
0.7109884253012019	0.019988939912545814
0.712886037697689	0.021578483694114046
0.7146233236744516	0.02324456342869617
0.7162027328127397	0.02498736824375923
0.7176268104692031	0.02680690334637081
0.7188981964495667	0.02870299361600806
0.7200196226800623	0.03067528823515073
0.7209939099598264	0.032723266261441335
0.721823963883379	0.03484624304074372
0.722512770026267	0.0370433773577886
0.723063388489131	0.03931367922013653
0.7234789478959738	0.04165601817177778
0.7237626389414483	0.04406913203466053
0.7239177075797102	0.0465516359796295
0.7239474479439824	0.04910203183248811
0.7238551950816431	0.05171871752599141
0.723644317584541	0.0543999966143667
0.7233182101885424	0.057144087773270416
0.7228802864101933	0.059949134214774866
0.7223339712819629	0.06281321295388669
0.7216826942409824	0.06573434387010203
0.7209298822196123	0.06871049851448545
0.7200789529796685	0.07173960861961579
0.7191333087258095	0.07481957427639167
0.7180963300274978	0.07794827174805521
0.7169713700731744	0.08112356089782066
0.7157617492748495	0.0843432922121395
0.7144707502362833	0.08760531340686502
0.713101613093288	0.09090747560837438
0.7116575312304878	0.09424763910605678
0.7101416473750815	0.09762367867647853
0.7085570500648068	0.10103348848299332
0.7069067704843589	0.10447498655759764
0.7051937796619708	0.1079461188744423
0.7034209860157092	0.11144486302663081
0.7015912332372298	0.11496923151978677
0.6997072984992674	0.11851727469737247
0.6977718909719796	0.12208708331392952
0.6957876506323772	0.12567679077330654
0.6937571473504573	0.1292845750495711
0.6916828802352539	0.13290866030870033
0.6895672772238293	0.13654731824933342
0.6874126948962209	0.1401988691808727
0.6852214184994867	0.14386168285706866
0.6829956621642768	0.14753417908293032
0.6807375692977319	0.15121482811240192
0.6784492131369952	0.1549021508537412
0.676132597448169	0.15859471889896062
0.6737896573561614	0.16229115439304995
0.6714222602915291	0.16599012975801394
0.669032207041103	0.1696903672860383
0.6666212328899035	0.17339063861535187
0.6641910088425703	0.1770897641016005
0.6617431429132593	0.18078661209678668
0.6592791814736835	0.18448009814707278
0.656800610649682	0.18816918412000372
0.6543088577574098	0.19185287727096792
0.651805292770905	0.195530229258011
0.649291229813461	0.19920033511342358
0.6467679286658488	0.20286233217986532
0.6442365962850477	0.20651539901815164
0.6416983883277122	0.2101587542932238
0.6391544106731498	0.21379165564424976
0.6366057209410989	0.21741339854425804
0.6340533300000831	0.2210233151541935
0.631498203462568	0.22462077317580387
0.62894126316358	0.22820517470731058
0.626383388619834	0.23177595510539956
0.6238254184667922	0.2353325818566711
0.6212681518714142	0.23887455346132605
0.6187123499186719	0.24240139833152516
0.6161587369701983	0.24591267370654832
0.6136080019936984	0.2494079645865913
0.6110607998619998	0.25288688268677517
0.608517752620839	0.25634906541270047
0.6059794507246841	0.25979417485865813
0.6034464542400761	0.2632218968294062
0.6009192940161383	0.2666319398862418
0.5983984728220488	0.2700240344179278
0.5958844664514115	0.27339793173688787
0.5933777247935709	0.2767534032009463
0.5908786728720327	0.2800902393607714
0.588387711850238	0.2834082491330667
0.5859052200050232	0.28670725899947064
0.583431553668177	0.2899871122310229
0.5809670481365556	0.29324766813799935
0.5785120185512851	0.29648880134483613
0.5760667607466172	0.2997104010898164
0.5736315520690467	0.3029123705491377
0.5712066521673302	0.30609462618494016
0.5687923037540756	0.30925709711683486
0.5663887333395854	0.3123997245164449
0.5639961519386643	0.3155224610244458
0.5616147557510995	0.31862527018957254
0.5592447268165454	0.3217081259290392
0.5568862336445326	0.3247710120098165
0.5545394318203385	0.32781392155019046
0.5522044645874431	0.33083685654102923
0.5498814634072935	0.3338398273861816
0.5475705484970999	0.33682285246142246
0.5452718293463703	0.33978595769137415
0.5429854052128842	0.34272917614382675
0.5407113655987981	0.34565254764088965
0.5384497907075593	0.34855611838641565
0.5362007518822941	0.3514399406091393
0.5339643120263207	0.3543040722209912
0.5317405260064234	0.3571485764900501
0.5295294410395116	0.359973521727611
0.5273310970632672	0.36277898098885686
0.525145527091373	0.3655650317866341
0.5229727575538936	0.36833175581784455
0.5208128086233694	0.3710792387019772
0.518665694527165	0.37380756973131907
0.5165314238465943	0.37651684163239574
0.5144099998033365	0.37920715033820335
0.5123014205336315	0.3818785947708119
0.5102056793507361	0.3845312766339268
0.5081227649960985	0.38716530021501416
0.5060526618797003	0.3897807721966032
0.5039953503099943	0.3923778014763961
0.5019508067138573	0.3949564989958253
0.49991900384695453	0.3975169775767121
0.49789991099490694	0.40005935176569163
0.49589349416563244	0.4025837376860816
0.49389971627321944	0.40509025289688455
0.4919185373136814	0.4075790162586229
0.48994991453292386	0.41005014780571875